 'eigenvalue': -8.935140223636145,
    'optimal_circuit': None,
    'optimal_parameters': array([ 3.11317963e+00,  4.13115199e+00,  4.29674847e-01, -1.52975630e+00,
        2.60415695e-01,  1.98079378e-01, -1.40842930e-01,  2.80300516e-01,
        2.95056543e-01,  2.43323580e-02, -4.08504070e-02,  5.11327297e-01,
       -2.02439945e-02,  4.58544776e-01,  5.70987146e-01, -1.12254762e-02,
        2.07061049e-01,  4.54376095e-01, -2.00549924e+00,  4.13272186e-01,
       -8.24440050e-02,  2.97016728e-01, -2.86139650e-02, -1.43951822e-01,
        1.55875114e+00,  8.33615771e-01, -1.45146699e+00,  2.21693445e-01,
        3.27873071e-01,  3.03459707e-01, -3.32164149e-03, -4.58021052e-01,
        6.69112706e-03,  3.41647268e-01,  1.59543434e-01, -1.62087871e-01]),
        